100
805 805
805 805
805 805
805 805
805 805
805 805
805 805
805 805
805 805
805 713
713 713
713 713
713 713
713 713
713 713
713 713
713 713
713 713
713 713
713 713
713 713
713 713
713 713
713 713
713 713
713 713
713 713
713 713
713 713
713 713
713 713
713 713
713 713
713 713
713 713
713 713
713 713
713 713
713 713
713 713
713 713
713 713
713 713
713 713
713 713
713 713
713 713
713 713
713 713
713 713
713 713
713 713
713 713
713 713
713 713
713 713
713 713
713 713
713 713
713 713
713 713
713 713
713 713
713 713
713 713
713 713
703 703
703 703
703 703
703 703
703 703
703 703
703 703
703 703
703 703
703 703
703 703
703 703
703 703
703 703
703 703
703 703
703 703
703 703
703 703
703 703
703 703
703 703
703 703
703 703
703 703
703 703
703 703
703 703
703 703
703 703
703 703
703 703
703 703
703 703
100
703 703
703 703
703 703
703 703
703 703
703 703
703 703
703 703
703 703
703 703
703 703
703 703
703 703
703 703
703 703
703 703
703 703
703 703
703 703
703 703
703 703
703 703
703 703
703 703
703 703
703 703
703 703
703 703
703 703
703 703
703 703
703 703
703 703
703 703
805 713
805 805
805 805
805 805
805 805
805 805
805 805
805 805
805 805
805 805
713 713
713 713
713 713
713 713
713 713
713 713
713 713
713 713
713 713
713 713
713 713
713 713
713 713
713 713
713 713
713 713
713 713
713 713
713 713
713 713
713 713
713 713
713 713
713 713
713 713
713 713
713 713
713 713
713 713
713 713
713 713
713 713
713 713
713 713
713 713
713 713
713 713
713 713
713 713
713 713
713 713
713 713
713 713
713 713
713 713
713 713
713 713
713 713
713 713
713 713
713 713
713 713
713 713
713 713
713 713
713 713
